22
3
12 5 18 7 13 7 9 11 14 23 14 17 22 16 12 20 9 10 21 20 21 20
15 13 20 6 10 11 9 8 11 23 13 17 11 11 22 18 12 5 18 13 22 15
12 13 19 18 13 10 19 12 19 23 7 18 10 12 18 22 16 15 21 12 14 14
0 0 27 0 0 0 0 25 0 0 0 0 0 0 0 0 0 0 0 0 0 0
0 0 0 0 0 0 0 0 0 0 0 0 0 0 0 0 0 0 0 0 0 0
0 0 0 3 0 0 0 0 0 0 0 0 0 0 0 0 0 0 0 0 0 0
0 0 0 0 29 0 2 0 0 0 0 0 0 0 0 0 0 0 0 0 0 0
0 0 0 0 0 22 0 0 0 0 0 0 0 0 0 0 0 0 0 0 0 0
0 0 0 0 0 0 26 0 0 0 0 0 0 0 0 0 0 0 0 0 0 0
0 0 0 0 0 0 0 0 0 0 0 0 21 0 0 0 0 10 0 0 0 0
0 0 0 0 22 0 0 0 13 0 0 5 0 0 0 0 0 0 0 0 0 0
0 0 0 0 26 0 0 0 0 5 0 0 0 0 0 0 0 0 0 0 0 0
0 0 0 0 28 0 0 0 0 0 17 0 0 0 0 0 0 0 0 0 0 0
0 0 0 0 0 0 0 0 0 0 0 29 0 0 0 0 0 0 0 0 0 0
0 0 0 0 0 0 0 0 0 0 0 0 0 0 0 0 0 0 0 0 0 0
0 0 0 0 0 0 0 0 0 0 0 0 0 1 0 13 0 0 0 0 0 0
0 0 0 0 0 0 0 0 0 0 0 0 0 0 13 0 0 0 0 0 0 0
0 0 0 0 0 0 0 0 0 0 0 0 0 0 0 29 0 0 0 0 0 0
0 0 0 0 0 0 0 0 0 0 0 0 0 0 0 0 5 0 0 0 0 0
0 24 0 0 0 0 0 0 0 0 0 0 0 0 0 0 0 0 0 0 0 0
0 0 0 0 0 0 0 0 0 0 0 0 0 0 0 0 26 0 22 0 0 0
0 16 0 0 0 0 0 0 0 0 0 0 0 0 0 0 8 0 0 21 0 0
0 0 0 0 0 0 0 0 0 0 10 0 11 0 0 0 26 0 0 0 6 0
0 0 0 0 0 0 0 0 0 0 0 0 0 0 0 0 0 0 0 0 0 28
0 1 0 0 0 0 0 0 0 0 0 0 0 0 0 0 0 0 0 0 0 0
